81674654
63267731
81832169
79478877
81164006
64691704
80496936
37981210
76165985
75936910
76783562
74304940
80636142
73993191
79170788
81531786
76080013
80888991
82192694
81162779
77765058
64600786
65951016
81276257
64552359
78849684
76474866
78559523
78992072
66209826
77131112
82455578
76725359
81614610
81610537
76981530
77159687
81465669
76009433
81007359
62131733
72668134
59889559
78531801
79284472
62635009
81530284
58133593
63966056
66071069
76580751
79577259
82542852
63975699
81581277
75613831
75624863
66519799
76825905
76995570
81116014
75191782
79772907
79282734
74387532
63395511
73196099
79809456
78478145
81138375
79926643
81632211
41907656
78386747
81458759
63708524
78553498
79926812
69149465
66413371
82298514
68146809
75859347
81241144
81214714
82357147
81814935
63207307
81081444
65836411
82260576
81476469
80870615
81026950
78497997
81147387
81675928
78222530
75762599
80193367
75524250
79096418
64200799
63920888
82355973
77734704
74354242
78905635
81338056
81470529
80832619
68766577
75827206
80699303
81880005
78223280
80228403
63172777
81846479
80498648
81115345
78265264
82249512
68662018
82170834
82234595
76166792
82403120
74947169
79213362
79762518
80948566
82434389
81892550
69154280
81358033
80172740
61718956
72073575
74842026
77729321
74919404
75554096
79076129
65069578
78390860
81493797
81491469
79058668
73414927
81590739
82235423
55393872
81028354
66647200
81204749
74933295
75508614
81618570
80406130
76524898
76998423
81717381
65077120
81701530
81114059
75946162
81555666
77305151
62485583
62033538
82313867
74636755
75532905
81035737
76056823
77178189
69774645
82286281
79000057
81873403
81334095
57713562
81025030
59884569
80927833
77907022
72130124
79939929
78280125
76050428
76769200
73376557
75634823
52683536
75751891
79494528
81913580
81685935
79780481
80271815
67994291
76074651
61131984
65926719
80414292
77022120
72011084
80636156
75726380
77218643
81188322
81773379
81520227
82296843
80035226
54640977
62495119
82437418
81279643
75687355
65074734
82503280
81635374
75580671
76833012
79070101
69355361
73067565
74919971
75608503
63067383
75954877
79299670
77250957
75121734
78150876
81300360
72955837
82275661
82372541
80031649
82275924
81331455
79807244
80124193
81006906
72477560
74400876
80609326
79639832
76561784
75702006
73991512
80198751
78469185
78806465
79583446
78284874
81975668
80988224
77298776
81363253
80103351
80160523
79898333
82183714
74280132
81622174
72468151
82423316
79526837
74412498
82213273
82322761
78726667
69028794
78340875
79439782
81749398
79403636
76134787
82068018
71631606
80527108
75603102
80866639
74128888
82302006
81421351
80289280
79780635
75074541
75001655
78392215
81650176
54103096
64804906
73174862
80360015
82433740
78296948
81326002
77667561
75121334
81009296
82234546
75739392
78487574
82382978
78344226
82108995
81177341
82380434
81053360
72919344
81256159
76852582
81740829
73466011
70078338
81657015
75939705
78112214
81150437
78511191
78305168
76929749
70321968
75936641
78511746
75434104
82499451
64028227
81590773